2D versus 3D unrodded peaking, 60 designs (all)
 id     e    Gd   F_2D   F_3D  ratio    diff
 43  3.92  0.02  1.472  1.459  0.991  -0.013
 55  4.20  0.09  1.473  1.458  0.990  -0.015
 58  4.28  1.31  1.476  1.462  0.991  -0.014
 35  4.36  2.63  1.481  1.487  1.004  +0.006
 34  4.26  3.32  1.482  1.487  1.003  +0.005
 12  4.37  0.14  1.486  1.456  0.980  -0.030
 48  4.13  4.92  1.490  1.487  0.998  -0.003
 52  4.26  3.86  1.490  1.461  0.980  -0.029
 39  4.24  3.12  1.490  1.475  0.990  -0.015
 54  4.21  0.33  1.491  1.464  0.982  -0.027
 57  4.24  0.78  1.495  1.465  0.980  -0.030
 53  4.17  2.48  1.495  1.497  1.001  +0.002
 40  4.23  2.71  1.496  1.456  0.973  -0.040
 26  4.38  3.73  1.497  1.476  0.986  -0.020
 31  4.11  0.41  1.497  1.469  0.981  -0.029
 59  4.22  5.17  1.498  1.499  1.001  +0.001
 30  4.29  2.79  1.500  1.467  0.978  -0.032
 56  4.20  0.01  1.504  1.471  0.978  -0.033
 32  4.42  1.88  1.506  1.477  0.980  -0.030
 49  4.17  2.58  1.507  1.478  0.981  -0.029
 51  4.18  2.68  1.509  1.484  0.983  -0.025
 44  4.24  3.15  1.514  1.513  0.999  -0.001
 50  4.20  5.35  1.514  1.470  0.971  -0.044
 47  4.46  4.42  1.527  1.501  0.983  -0.026
 45  4.27  3.36  1.528  1.521  0.995  -0.007
 46  4.22  2.94  1.530  1.498  0.979  -0.032
 41  4.25  3.51  1.533  1.502  0.980  -0.031
 42  4.40  4.10  1.534  1.515  0.987  -0.020
 33  4.23  3.66  1.537  1.518  0.988  -0.018
 38  4.33  5.58  1.539  1.529  0.994  -0.010
 29  4.48  4.21  1.545  1.512  0.978  -0.034
 37  4.34  4.68  1.545  1.521  0.984  -0.024
 20  2.52  4.91  1.546  1.558  1.008  +0.012
 16  4.86  4.66  1.546  1.510  0.977  -0.036
 36  4.28  6.21  1.548  1.538  0.993  -0.010
 22  8.90  1.76  1.568  1.567  0.999  -0.001
  6  6.78  1.35  1.569  1.546  0.985  -0.023
 25  4.64  5.22  1.570  1.514  0.964  -0.056
 14  7.05  6.30  1.572  1.535  0.976  -0.037
 27  5.11  5.70  1.579  1.565  0.991  -0.014
  1  5.51  2.76  1.580  1.550  0.981  -0.031
 24  5.42  6.68  1.589  1.567  0.987  -0.021
 11  5.26  6.91  1.592  1.538  0.966  -0.054
  3 11.52  0.81  1.593  1.553  0.975  -0.039
 15  8.35  3.82  1.594  1.547  0.971  -0.046
 18 10.38  0.54  1.596  1.550  0.971  -0.046
  9 13.85  3.15  1.601  1.584  0.989  -0.018
 28  5.60  7.82  1.602  1.581  0.987  -0.020
  8 12.31  2.55  1.602  1.602  1.000  -0.000
 17  3.95  2.28  1.603  1.608  1.003  +0.005
  0 10.61  7.03  1.612  1.584  0.983  -0.028
 19 11.38  1.17  1.613  1.550  0.961  -0.062
 10  7.89  5.94  1.615  1.594  0.987  -0.020
  4 12.92  4.05  1.625  1.579  0.972  -0.046
  2 12.54  3.60  1.626  1.617  0.994  -0.010
 13  9.18  5.41  1.629  1.596  0.980  -0.033
 23  9.75  7.56  1.663  1.614  0.971  -0.049
 21  2.45  6.51  1.682  1.686  1.002  +0.004
  7  6.11  7.80  1.702  1.658  0.974  -0.044
  5  3.05  5.21  1.832  1.808  0.987  -0.024

ratio F_3D/F_2D : mean 0.9851  sd 0.0108  relative sd 1.10 %  range 0.961 to 1.008
difference      : mean -0.0233  sd 0.0171  range -0.062 to +0.012
Spearman rho 0.941, largest rank shift 14 of 60
ranking by F_2D: [43, 55, 58, 35, 34, 12, 48, 52, 39, 54, 57, 53, 40, 26, 31, 59, 30, 56, 32, 49, 51, 44, 50, 47, 45, 46, 41, 42, 33, 38, 29, 37, 20, 16, 36, 22, 6, 25, 14, 27, 1, 24, 11, 3, 15, 18, 9, 28, 8, 17, 0, 19, 10, 4, 2, 13, 23, 21, 7, 5]
ranking by F_3D: [12, 40, 55, 43, 52, 58, 54, 57, 30, 31, 50, 56, 39, 26, 32, 49, 51, 35, 34, 48, 53, 46, 59, 47, 41, 16, 29, 44, 25, 42, 33, 37, 45, 38, 14, 11, 36, 6, 15, 1, 18, 19, 3, 20, 27, 22, 24, 4, 28, 9, 0, 10, 13, 8, 17, 23, 2, 7, 21, 5]

front over the 22 confirmed feasible designs, in (F, c_max):
   with F_2D: [34, 35, 44, 47, 58]
   with F_3D: [12, 34, 40, 47]
   CHANGED: gained [12, 40], lost [35, 44, 58]

DECISION: the 3D peaking reorders the confirmed designs and changes the front. That is the Campaign 10 result, already measured on these designs. Run Campaign 10 only if the reordering reaches the champion.
