feasible designs within 0.35 wt% of the front mean 4.31 wt%, by c_max
 id     e    Gd  pin  c_BOL  c_max   hump front
 47  4.46  4.42   20   1406   1406     +0   yes
 42  4.40  4.10   20   1372   1450   +512      
 29  4.48  4.21   20   1452   1452     +0      
 44  4.24  3.15   20   1334   1496  +1093   yes
 25  4.64  5.22   20   1515   1515     +0      
 34  4.26  3.32   16   1725   1725     +0   yes
 40  4.23  2.71   16   1768   1768     +0   yes
 26  4.38  3.73   16   1805   1805     +0      
 30  4.29  2.79   16   1812   1812     +0      
 35  4.36  2.63   16   1908   1908     +0   yes
 51  4.18  2.68   12   2154   2154     +0      
 32  4.42  1.88   16   2121   2333  +1349      
 58  4.28  1.31   16   2085   2363  +1808      
 57  4.24  0.78   20   1942   2470  +3430      
 54  4.21  0.33   20   2326   2740  +2732      
 12  4.37  0.14   32   2482   3003  +3272      
